[General]
color_background_b=0.23137255012989044
color_background_b1=0
color_background_b2=0.06666667014360428
color_background_g=0.20000000298023224
color_background_g1=0
color_background_g2=0.7607843279838562
color_background_r=0.929411768913269
color_background_r1=0
color_background_r2=0.9607843160629272
line_type=5
min_x=273
point_size=0
type_point=2
width_edge=0
width_vertex=9
